CID=125
MAP=tracks/track19.csv
X=0.017046
Y=-1.5
YAW=0.011364
MU=0.9
FTC=0.765
WB=1.53
FAKESLAM=1